G00000OKISNJ2R_0 1 2 9 5 15 18 33 6 9 2
G00000OKISNJ2R_0 2 9 5 15 18 33 6 9 3
G00000OKISNJ2R_0 1 9 5 15 18 33 6 9 4
G00000OKISNJ2R_0 9 5 15 18 33 20
G00000OKISNJ2R_0 8 5 15 18 33 20 1
G00000OKISNJ2R_0 1 6 5 15 18 33 20 2
G00000OKISNJ2R_0 6 5 15 18 33 20 3
G00000OKISNJ2R_0 2 2 1 5 15 18 33 20 4
G00000OKISNJ2R_0 1 2 1 5 15 18 33 20 5
G00000OKISNJ2R_0 2 1 5 15 18 33 20 6
G00000OKISNJ2R_0 1 1 5 15 18 33 20 7
G00000OKISNJ2R_0 1 5 15 51 28
G00000OKISNJ2R_0 5 15 51 28 1
G00000OKISNJ2R_0 4 15 51 28 2
G00000OKISNJ2R_0 3 15 51 28 3
G00000OKISNJ2R_0 2 15 51 28 3 1
G00000OKISNJ2R_0 1 15 51 28 3 2
G00000OKISNJ2R_0 15 51 28 3 2 1
G00000OKISNJ2R_0 9 5 51 28 3 2 2
G00000OKISNJ2R_0 8 5 51 28 3 2 2 1
G00000OKISNJ2R_0 7 5 51 28 3 2 2 2
G00000OKISNJ2R_0 1 5 5 51 28 3 2 2 2 1
G00000OKISNJ2R_0 5 5 51 28 3 2 2 2 2
G00000OKISNJ2R_0 1 2 1 5 51 28 3 2 2 5
G00000OKISNJ2R_0 2 1 5 51 28 3 2 8
G00000OKISNJ2R_0 1 1 5 51 28 3 2 4 5
G00000OKISNJ2R_0 1 5 51 28 3 6 6
G00000OKISNJ2R_0 5 51 28 3 6 6 1
G00000OKISNJ2R_0 4 51 28 3 6 8
G00000OKISNJ2R_0 3 51 28 3 6 8 1
G00000OKISNJ2R_0 2 51 28 9 10
G00000OKISNJ2R_0 1 51 28 9 10 1
G00000OKISNJ2R_0 51 28 9 10 1 1
G00000OKISNJ2R_0 21 29 28 9 10 3
G00000OKISNJ2R_0 5 15 29 28 9 10 3 1
G00000OKISNJ2R_0 3 1 15 29 28 9 10 5
G00000OKISNJ2R_0 2 1 15 29 28 9 10 5 1
G00000OKISNJ2R_0 1 1 15 29 28 9 10 5 2
G00000OKISNJ2R_0 1 15 29 28 9 10 5 3
G00000OKISNJ2R_0 15 29 28 9 10 5 3 1
G00000OKISNJ2R_0 2 2 10 29 28 9 10 5 3 2
G00000OKISNJ2R_0 1 2 10 29 28 9 10 5 6
G00000OKISNJ2R_0 2 10 29 28 9 10 5 6 1
G00000OKISNJ2R_0 1 10 29 28 9 10 5 6 1 1
G00000OKISNJ2R_0 10 29 28 9 10 5 6 3
G00000OKISNJ2R_0 7 2 29 28 9 10 5 10
G00000OKISNJ2R_0 6 2 29 28 9 26
G00000OKISNJ2R_0 5 2 29 28 9 26 1
G00000OKISNJ2R_0 2 2 2 29 28 9 26 2
G00000OKISNJ2R_0 1 2 2 29 28 9 26 2 1
G00000OKISNJ2R_0 2 2 29 28 9 26 2 1 1
G00000OKISNJ2R_0 1 2 29 28 9 26 2 3
G00000OKISNJ2R_0 2 29 28 9 26 2 3 1
G00000OKISNJ2R_0 1 29 28 9 26 2 3 2
G00000OKISNJ2R_0 29 28 9 26 2 3 2 1
G00000OKISNJ2R_0 13 8 7 28 9 26 2 3 2 2
G00000OKISNJ2R_0 12 8 7 28 9 26 2 3 2 3
G00000OKISNJ2R_0 4 7 8 7 28 9 26 2 3 2 4
G00000OKISNJ2R_0 3 7 8 7 28 9 26 2 3 7
G00000OKISNJ2R_0 2 7 8 7 28 9 39
G00000OKISNJ2R_0 1 7 8 7 28 9 39 1
G00000OKISNJ2R_0 7 8 7 28 9 39 2
G00000OKISNJ2R_0 3 3 8 7 28 9 39 3
G00000OKISNJ2R_0 1 1 3 8 7 28 9 39 3 1
G00000OKISNJ2R_0 1 3 8 7 28 9 39 3 2
G00000OKISNJ2R_0 3 8 7 28 9 39 3 3
G00000OKISNJ2R_0 1 1 8 7 28 9 39 3 3 1
G00000OKISNJ2R_0 1 8 7 28 9 39 3 5
G00000OKISNJ2R_0 8 7 28 9 39 3 5 1
G00000OKISNJ2R_0 2 1 4 7 28 9 39 3 5 1 1
G00000OKISNJ2R_0 1 1 4 7 28 9 39 3 5 3
G00000OKISNJ2R_0 1 4 7 28 9 39 3 5 3 1
G00000OKISNJ2R_0 4 7 28 9 39 3 5 5
G00000OKISNJ2R_0 3 7 28 9 39 3 5 5 1
G00000OKISNJ2R_0 2 7 28 9 39 3 5 7
G00000OKISNJ2R_0 1 7 28 9 39 3 5 7 1
G00000OKISNJ2R_0 7 28 9 39 3 5 7 2
G00000OKISNJ2R_0 1 5 28 9 39 3 5 7 3
G00000OKISNJ2R_0 5 28 9 39 3 5 7 3 1
G00000OKISNJ2R_0 4 28 9 39 3 5 7 3 2
G00000OKISNJ2R_0 3 28 9 39 3 5 7 3 3
G00000OKISNJ2R_0 2 28 9 39 3 5 7 3 4
G00000OKISNJ2R_0 1 28 9 39 3 20
G00000OKISNJ2R_0 28 9 39 3 20 1
G00000OKISNJ2R_0 27 9 39 3 20 1 1
G00000OKISNJ2R_0 6 7 13 9 39 3 20 1 2
G00000OKISNJ2R_0 3 2 7 13 9 39 3 20 1 3
G00000OKISNJ2R_0 2 2 7 13 9 39 3 20 1 3 1
G00000OKISNJ2R_0 1 2 7 13 9 39 3 20 6
G00000OKISNJ2R_0 2 7 13 9 39 3 20 6 1
G00000OKISNJ2R_0 1 7 13 9 39 31
G00000OKISNJ2R_0 7 13 9 39 31 1
G00000OKISNJ2R_0 2 4 13 9 39 31 2
G00000OKISNJ2R_0 1 4 13 9 39 31 2 1
G00000OKISNJ2R_0 4 13 9 39 31 4
G00000OKISNJ2R_0 1 2 13 9 39 31 4 1
G00000OKISNJ2R_0 2 13 9 39 31 4 2
G00000OKISNJ2R_0 1 13 9 39 31 4 3
G00000OKISNJ2R_0 13 9 39 31 8
G00000OKISNJ2R_0 12 7 2 39 31 8 1
G00000OKISNJ2R_0 3 8 7 2 39 31 8 2
G00000OKISNJ2R_0 2 8 7 2 39 31 8 3
G00000OKISNJ2R_0 1 8 7 2 39 31 8 3 1
G00000OKISNJ2R_0 8 7 2 39 31 8 5
G00000OKISNJ2R_0 7 7 2 39 31 8 5 1
G00000OKISNJ2R_0 6 7 2 39 31 8 5 2
G00000OKISNJ2R_0 5 7 2 39 31 8 5 3
G00000OKISNJ2R_0 4 7 2 39 31 8 5 3 1
G00000OKISNJ2R_0 3 7 2 39 31 8 10
G00000OKISNJ2R_0 2 7 2 89
G00000OKISNJ2R_0 1 7 2 89 1
G00000OKISNJ2R_0 7 2 89 2
G00000OKISNJ2R_0 2 2 2 2 89 2 1
G00000OKISNJ2R_0 1 2 2 2 89 2 1 1
G00000OKISNJ2R_0 2 2 2 89 2 3
G00000OKISNJ2R_0 1 2 2 89 2 4
G00000OKISNJ2R_0 2 2 89 2 5
G00000OKISNJ2R_0 1 2 89 2 6
G00000OKISNJ2R_0 2 89 2 6 1
G00000OKISNJ2R_0 1 89 2 6 2
G00000OKISNJ2R_0 89 2 6 3
G00000OKISNJ2R_0 14 18 56 2 6 4
G00000OKISNJ2R_0 9 4 18 56 2 6 5
G00000OKISNJ2R_0 8 4 18 56 2 6 5 1
G00000OKISNJ2R_0 2 5 4 18 56 2 13
G00000OKISNJ2R_0 1 5 4 18 56 2 13 1
G00000OKISNJ2R_0 5 4 18 56 17
G00000OKISNJ2R_0 1 2 1 4 18 56 17 1
G00000OKISNJ2R_0 2 1 4 18 56 17 1 1
G00000OKISNJ2R_0 1 1 4 18 56 17 3
G00000OKISNJ2R_0 1 4 18 56 17 4
G00000OKISNJ2R_0 4 18 56 17 5
G00000OKISNJ2R_0 1 2 18 56 17 6
G00000OKISNJ2R_0 2 18 56 17 6 1
G00000OKISNJ2R_0 1 18 56 17 6 2
G00000OKISNJ2R_0 18 56 17 6 3
G00000OKISNJ2R_0 6 11 56 17 6 4
G00000OKISNJ2R_0 1 4 11 56 17 6 5
G00000OKISNJ2R_0 4 11 56 17 12
G00000OKISNJ2R_0 3 11 56 17 12 1
G00000OKISNJ2R_0 1 1 11 56 17 12 1 1
G00000OKISNJ2R_0 1 11 56 17 12 3
G00000OKISNJ2R_0 11 56 17 12 4
G00000OKISNJ2R_0 8 2 56 17 12 4 1
G00000OKISNJ2R_0 2 3 2 2 56 17 12 4 2
G00000OKISNJ2R_0 1 3 2 2 56 17 12 4 2 1
G00000OKISNJ2R_0 3 2 2 56 17 12 4 2 2
G00000OKISNJ2R_0 1 1 2 2 56 17 12 4 2 3
G00000OKISNJ2R_0 1 2 2 56 17 12 4 6
G00000OKISNJ2R_0 2 2 56 17 23
G00000OKISNJ2R_0 1 2 97
G00000OKISNJ2R_0 2 97 1
G00000OKISNJ2R_0 1 97 2
G00000OKISNJ2R_0 97 2 1
G00000OKISNJ2R_0 20 58 18 2 2
G00000OKISNJ2R_0 10 9 58 18 2 2 1
G00000OKISNJ2R_0 6 3 9 58 18 2 2 2
G00000OKISNJ2R_0 2 3 3 9 58 18 2 5
G00000OKISNJ2R_0 1 3 3 9 58 18 2 6
G00000OKISNJ2R_0 3 3 9 58 18 2 7
G00000OKISNJ2R_0 2 3 9 58 18 2 8
G00000OKISNJ2R_0 1 3 9 58 18 2 9
G00000OKISNJ2R_0 3 9 58 18 2 9 1
G00000OKISNJ2R_0 2 9 58 18 2 9 2
G00000OKISNJ2R_0 1 9 58 18 2 12
G00000OKISNJ2R_0 9 58 18 2 12 1
G00000OKISNJ2R_0 1 1 6 58 18 2 12 1 1
G00000OKISNJ2R_0 1 6 58 18 2 12 3
G00000OKISNJ2R_0 6 58 18 2 12 3 1
G00000OKISNJ2R_0 1 4 58 18 2 12 3 1 1
G00000OKISNJ2R_0 4 58 18 2 12 3 3
G00000OKISNJ2R_0 1 2 58 18 2 12 7
G00000OKISNJ2R_0 2 58 18 2 12 7 1
G00000OKISNJ2R_0 1 58 18 2 12 7 1 1
G00000OKISNJ2R_0 58 18 2 12 7 3
G00000OKISNJ2R_0 37 5 15 18 2 12 11
G00000OKISNJ2R_0 1 9 8 18 5 15 18 2 12 12
G00000OKISNJ2R_0 9 8 18 5 15 18 2 12 12 1
G00000OKISNJ2R_0 8 8 18 5 15 18 2 12 12 2
G00000OKISNJ2R_0 4 3 8 18 5 15 18 2 12 12 2 1
G00000OKISNJ2R_0 3 3 8 18 5 15 18 2 12 12 4
G00000OKISNJ2R_0 1 1 3 8 18 5 15 18 2 12 12 5
G00000OKISNJ2R_0 1 3 8 18 5 15 18 2 12 18
G00000OKISNJ2R_0 3 8 18 5 15 18 33
G00000OKISNJ2R_0 2 8 18 5 15 18 33 1
G00000OKISNJ2R_0 1 8 18 5 15 18 33 2
G00000OKISNJ2R_0 8 18 5 15 18 33 3
G00000OKISNJ2R_0 1 2 2 2 18 5 15 18 33 4
G00000OKISNJ2R_0 2 2 2 18 5 15 18 33 5
G00000OKISNJ2R_0 1 2 2 18 5 15 18 33 6
G00000OKISNJ2R_0 2 2 18 5 15 18 33 6 1
G00000OKISNJ2R_0 1 2 18 5 15 18 33 6 2
G00000OKISNJ2R_0 2 18 5 15 18 33 6 2 1
G00000OKISNJ2R_0 1 18 5 15 18 33 6 4
G00000OKISNJ2R_0 18 5 15 18 33 6 5
G00000OKISNJ2R_0 3 14 5 15 18 33 6 5 1
G00000OKISNJ2R_0 2 14 5 15 18 33 6 5 2
G00000OKISNJ2R_0 1 14 5 15 18 33 6 5 2 1
G00000OKISNJ2R_0 14 5 15 18 33 6 9
G00000OKISNJ2R_0 4 9 5 15 18 33 6 9 1
G00000KIFICDE9_0 2 24 7 20 46 1
G00000KIFICDE9_0 1 24 7 20 46 2
G00000KIFICDE9_0 24 7 20 46 3
G00000KIFICDE9_0 1 10 12 7 20 46 4
G00000KIFICDE9_0 10 12 7 20 46 4 1
G00000KIFICDE9_0 9 12 7 20 46 4 2
G00000KIFICDE9_0 1 7 12 7 20 46 4 3
G00000KIFICDE9_0 7 12 7 20 46 8
G00000KIFICDE9_0 1 5 12 7 20 46 8 1
G00000KIFICDE9_0 5 12 7 20 46 10
G00000KIFICDE9_0 4 12 7 20 46 10 1
G00000KIFICDE9_0 3 12 7 20 46 10 2
G00000KIFICDE9_0 2 12 7 20 46 10 3
G00000KIFICDE9_0 1 12 7 20 46 10 4
G00000KIFICDE9_0 12 7 20 46 10 4 1
G00000KIFICDE9_0 11 7 20 46 10 4 2
G00000KIFICDE9_0 10 7 20 46 10 4 3
G00000KIFICDE9_0 3 6 7 20 46 10 4 4
G00000KIFICDE9_0 2 6 7 20 46 10 4 5
G00000KIFICDE9_0 1 6 7 20 46 10 4 6
G00000KIFICDE9_0 6 7 20 46 10 4 7
G00000KIFICDE9_0 2 3 7 20 46 10 4 8
G00000KIFICDE9_0 1 3 7 20 46 10 4 8 1
G00000KIFICDE9_0 3 7 20 46 10 4 8 2
G00000KIFICDE9_0 2 7 20 46 10 4 8 3
G00000KIFICDE9_0 1 7 20 46 10 16
G00000KIFICDE9_0 7 20 46 10 16 1
G00000KIFICDE9_0 1 3 2 20 46 10 16 1 1
G00000KIFICDE9_0 3 2 20 46 10 16 3
G00000KIFICDE9_0 1 1 2 20 46 10 16 4
G00000KIFICDE9_0 1 2 20 46 10 16 4 1
G00000KIFICDE9_0 2 20 46 10 16 4 2
G00000KIFICDE9_0 1 20 46 10 16 4 2 1
G00000KIFICDE9_0 20 46 10 16 4 2 2
G00000KIFICDE9_0 3 3 13 46 10 16 4 2 2 1
G00000KIFICDE9_0 1 1 3 13 46 10 16 4 2 2 1 1
G00000KIFICDE9_0 1 3 13 46 10 16 4 2 5
G00000KIFICDE9_0 3 13 46 10 16 4 8
G00000KIFICDE9_0 1 1 13 46 10 16 4 8 1
G00000KIFICDE9_0 1 13 46 10 16 4 8 2
G00000KIFICDE9_0 13 46 10 16 4 8 2 1
G00000KIFICDE9_0 1 11 46 10 16 4 8 4
G00000KIFICDE9_0 11 46 10 16 4 8 4 1
G00000KIFICDE9_0 1 5 4 46 10 34
G00000KIFICDE9_0 5 4 46 10 34 1
G00000KIFICDE9_0 4 4 46 10 34 2
G00000KIFICDE9_0 3 4 46 47
G00000KIFICDE9_0 2 4 46 47 1
G00000KIFICDE9_0 1 4 46 47 2
G00000KIFICDE9_0 4 46 47 2 1
G00000KIFICDE9_0 1 2 46 47 2 2
G00000KIFICDE9_0 2 46 47 2 3
G00000KIFICDE9_0 1 46 47 2 3 1
G00000KIFICDE9_0 46 47 2 3 2
G00000KIFICDE9_0 45 10 37 8
G00000KIFICDE9_0 2 29 5 8 10 37 9
G00000KIFICDE9_0 1 29 5 8 10 37 10
G00000KIFICDE9_0 29 5 8 10 37 10 1
G00000KIFICDE9_0 6 5 17 5 8 10 37 10 2
G00000KIFICDE9_0 5 5 17 5 8 10 37 10 3
G00000KIFICDE9_0 4 5 17 5 8 10 37 10 4
G00000KIFICDE9_0 3 5 17 5 8 10 37 10 4 1
G00000KIFICDE9_0 1 1 5 17 5 8 10 37 10 4 2
G00000KIFICDE9_0 1 5 17 5 8 10 37 10 4 2 1
G00000KIFICDE9_0 5 17 5 8 10 37 10 4 4
G00000KIFICDE9_0 2 2 17 5 8 10 37 10 4 4 1
G00000KIFICDE9_0 1 2 17 5 8 10 37 10 10
G00000KIFICDE9_0 2 17 5 8 10 37 10 10 1
G00000KIFICDE9_0 1 17 5 8 10 37 10 10 2
G00000KIFICDE9_0 17 5 8 10 37 10 10 3
G00000KIFICDE9_0 3 2 11 5 8 10 37 10 14
G00000KIFICDE9_0 2 2 11 5 8 10 37 10 14 1
G00000KIFICDE9_0 1 2 11 5 8 10 37 10 14 2
G00000KIFICDE9_0 2 11 5 8 10 37 10 14 3
G00000KIFICDE9_0 1 11 5 8 10 37 10 14 3 1
G00000KIFICDE9_0 11 5 8 10 37 10 14 3 1 1
G00000KIFICDE9_0 10 5 8 10 37 10 14 3 3
G00000KIFICDE9_0 9 5 8 10 37 10 14 7
G00000KIFICDE9_0 8 5 8 10 37 10 14 7 1
G00000KIFICDE9_0 7 5 8 10 37 10 14 7 1 1
G00000KIFICDE9_0 3 3 5 8 10 37 10 14 7 3
G00000KIFICDE9_0 2 3 5 8 10 37 10 14 7 4
G00000KIFICDE9_0 1 3 5 8 10 37 10 14 7 4 1
G00000KIFICDE9_0 3 5 8 10 37 10 14 13
G00000KIFICDE9_0 2 5 8 10 37 10 14 13 1
G00000KIFICDE9_0 1 5 8 10 37 10 14 13 1 1
G00000KIFICDE9_0 5 8 10 37 10 14 13 1 1 1
G00000KIFICDE9_0 1 3 8 10 37 10 14 13 1 1 2
G00000KIFICDE9_0 3 8 10 37 10 14 13 5
G00000KIFICDE9_0 2 8 10 37 10 14 13 5 1
G00000KIFICDE9_0 1 8 10 37 10 14 13 5 2
G00000KIFICDE9_0 8 10 37 10 14 13 5 2 1
G00000KIFICDE9_0 7 10 37 10 14 13 5 2 1 1
G00000KIFICDE9_0 3 3 10 37 10 14 13 10
G00000KIFICDE9_0 2 3 10 37 10 14 13 10 1
G00000KIFICDE9_0 1 3 10 37 10 14 13 10 2
G00000KIFICDE9_0 3 10 37 10 14 13 10 2 1
G00000KIFICDE9_0 2 10 37 10 14 13 10 2 2
G00000KIFICDE9_0 1 10 37 10 14 13 10 5
G00000KIFICDE9_0 10 37 10 14 13 10 5 1
G00000KIFICDE9_0 3 6 37 10 14 13 10 5 1 1
G00000KIFICDE9_0 2 6 37 10 14 13 10 5 3
G00000KIFICDE9_0 1 6 37 10 14 13 19
G00000KIFICDE9_0 6 37 10 14 13 19 1
G00000KIFICDE9_0 5 37 10 14 13 19 2
G00000KIFICDE9_0 4 37 10 14 13 19 2 1
G00000KIFICDE9_0 1 2 37 10 14 13 19 2 2
G00000KIFICDE9_0 2 37 10 14 13 19 2 3
G00000KIFICDE9_0 1 37 10 14 13 19 2 3 1
G00000KIFICDE9_0 37 10 14 39
G00000KIFICDE9_0 36 2 8 14 39 1
G00000KIFICDE9_0 2 13 5 15 2 8 14 39 2
G00000KIFICDE9_0 1 13 5 15 2 8 14 39 3
G00000KIFICDE9_0 13 5 15 2 8 14 39 4
G00000KIFICDE9_0 12 5 15 2 66
G00000KIFICDE9_0 11 5 15 2 66 1
G00000KIFICDE9_0 5 5 5 15 2 66 2
G00000KIFICDE9_0 4 5 5 15 2 66 3
G00000KIFICDE9_0 3 5 5 15 2 66 4
G00000KIFICDE9_0 2 5 5 15 2 66 5
G00000KIFICDE9_0 1 5 5 15 2 66 6
G00000KIFICDE9_0 5 5 15 2 66 6 1
G00000KIFICDE9_0 4 5 15 2 66 6 2
G00000KIFICDE9_0 3 5 15 2 66 9
G00000KIFICDE9_0 1 1 5 15 2 66 9 1
G00000KIFICDE9_0 1 5 15 2 66 9 2
G00000KIFICDE9_0 5 15 2 66 9 3
G00000KIFICDE9_0 2 2 15 2 66 9 3 1
G00000KIFICDE9_0 1 2 15 2 66 9 3 2
G00000KIFICDE9_0 2 15 2 66 9 3 2 1
G00000KIFICDE9_0 1 15 2 66 16
G00000KIFICDE9_0 15 2 66 16 1
G00000KIFICDE9_0 1 1 12 2 66 16 1 1
G00000KIFICDE9_0 1 12 2 66 16 3
G00000KIFICDE9_0 12 2 66 16 3 1
G00000KIFICDE9_0 2 6 3 2 66 16 3 2
G00000KIFICDE9_0 1 6 3 2 66 16 6
G00000KIFICDE9_0 6 3 2 66 16 6 1
G00000KIFICDE9_0 1 4 3 2 66 16 6 1 1
G00000KIFICDE9_0 4 3 2 66 16 6 3
G00000KIFICDE9_0 1 2 3 2 66 16 6 3 1
G00000KIFICDE9_0 2 3 2 66 16 6 3 1 1
G00000KIFICDE9_0 1 3 2 66 16 6 6
G00000KIFICDE9_0 3 2 66 16 6 6 1
G00000KIFICDE9_0 2 2 66 16 6 8
G00000KIFICDE9_0 1 2 66 16 6 8 1
G00000KIFICDE9_0 2 66 16 6 8 2
G00000KIFICDE9_0 1 66 16 6 11
G00000KIFICDE9_0 66 16 6 12
G00000KIFICDE9_0 2 5 22 7 10 19 16 6 13
G00000KIFICDE9_0 1 5 22 7 10 19 16 6 13 1
G00000KIFICDE9_0 5 22 7 10 19 16 6 15
G00000KIFICDE9_0 4 22 7 10 19 16 6 15 1
G00000KIFICDE9_0 3 22 7 10 19 16 6 15 2
G00000KIFICDE9_0 2 22 7 10 19 16 6 15 2 1
G00000KIFICDE9_0 1 22 7 10 19 16 6 15 2 2
G00000KIFICDE9_0 22 7 10 19 16 6 15 2 3
G00000KIFICDE9_0 3 2 12 4 7 10 19 16 6 15 2 4
G00000KIFICDE9_0 2 2 12 4 7 10 19 16 6 15 2 4 1
G00000KIFICDE9_0 1 2 12 4 7 10 19 16 6 15 2 6
G00000KIFICDE9_0 2 12 4 7 10 19 16 6 15 2 7
G00000KIFICDE9_0 1 12 4 7 10 19 16 6 15 2 8
G00000KIFICDE9_0 12 4 7 10 19 16 6 15 2 9
G00000KIFICDE9_0 1 2 8 4 7 10 19 39 10
G00000KIFICDE9_0 2 8 4 7 10 19 39 10 1
G00000KIFICDE9_0 1 8 4 7 10 19 39 10 1 1
G00000KIFICDE9_0 8 4 7 10 19 39 10 1 2
G00000KIFICDE9_0 3 4 4 7 10 19 39 10 4
G00000KIFICDE9_0 2 4 4 7 10 19 39 10 4 1
G00000KIFICDE9_0 1 4 4 7 10 19 39 10 4 2
G00000KIFICDE9_0 4 4 7 10 19 39 10 4 2 1
G00000KIFICDE9_0 3 4 7 10 19 39 10 4 4
G00000KIFICDE9_0 1 1 4 7 10 19 39 10 4 5
G00000KIFICDE9_0 1 4 7 10 19 39 10 10
G00000KIFICDE9_0 4 7 10 19 39 10 10 1
G00000KIFICDE9_0 3 7 10 19 39 10 10 2
G00000KIFICDE9_0 1 1 7 10 19 39 10 10 2 1
G00000KIFICDE9_0 1 7 10 19 39 10 10 2 2
G00000KIFICDE9_0 7 10 19 39 10 10 2 3
G00000KIFICDE9_0 6 10 19 39 10 10 2 4
G00000KIFICDE9_0 1 4 10 19 39 10 10 2 5
G00000KIFICDE9_0 4 10 19 39 10 10 8
G00000KIFICDE9_0 1 1 1 10 19 39 10 10 9
G00000KIFICDE9_0 1 1 10 19 39 10 10 10
G00000KIFICDE9_0 1 10 19 39 10 10 10 1
G00000KIFICDE9_0 10 19 39 10 10 10 2
G00000KIFICDE9_0 2 7 19 39 10 10 10 3
G00000KIFICDE9_0 1 7 19 39 10 10 10 3 1
G00000KIFICDE9_0 7 19 39 10 10 10 3 2
G00000KIFICDE9_0 1 1 2 2 19 39 10 10 10 3 2 1
G00000KIFICDE9_0 1 2 2 19 39 10 10 10 3 4
G00000KIFICDE9_0 2 2 19 39 10 10 10 8
G00000KIFICDE9_0 1 2 19 39 10 10 10 8 1
G00000KIFICDE9_0 2 19 39 10 10 10 8 2
G00000KIFICDE9_0 1 19 39 10 10 10 8 3
G00000KIFICDE9_0 19 39 10 10 10 8 4
G00000KIFICDE9_0 3 15 39 10 10 10 13
G00000KIFICDE9_0 1 1 15 39 10 10 10 13 1
G00000KIFICDE9_0 1 15 39 10 10 25
G00000KIFICDE9_0 54 46
G00000QX9L1LDX_0 2 4 14 20 9 3 13 31 4
G00000QX9L1LDX_0 1 4 14 20 9 3 13 31 5
G00000QX9L1LDX_0 4 14 20 9 3 13 31 6
G00000QX9L1LDX_0 3 14 20 9 3 13 31 6 1
G00000QX9L1LDX_0 2 14 20 9 3 13 31 6 2
G00000QX9L1LDX_0 1 14 20 9 3 13 31 6 2 1
G00000QX9L1LDX_0 14 20 9 3 13 31 6 4
G00000QX9L1LDX_0 2 11 20 9 3 13 31 6 5
G00000QX9L1LDX_0 1 11 20 9 3 13 31 6 5 1
G00000QX9L1LDX_0 11 20 9 3 13 31 13
G00000QX9L1LDX_0 7 3 20 9 3 13 45
G00000QX9L1LDX_0 1 5 3 20 9 3 13 46
G00000QX9L1LDX_0 5 3 20 9 3 13 47
G00000QX9L1LDX_0 4 3 20 9 3 13 47 1
G00000QX9L1LDX_0 3 3 20 9 3 13 47 1 1
G00000QX9L1LDX_0 2 3 20 9 3 13 47 3
G00000QX9L1LDX_0 1 3 20 9 3 13 47 4
G00000QX9L1LDX_0 3 20 9 3 13 47 5
G00000QX9L1LDX_0 2 20 9 3 13 47 5 1
G00000QX9L1LDX_0 1 20 9 3 13 47 5 1 1
G00000QX9L1LDX_0 20 9 3 13 47 5 1 2
G00000QX9L1LDX_0 5 14 9 3 13 47 5 1 3
G00000QX9L1LDX_0 2 2 14 9 3 13 47 5 1 3 1
G00000QX9L1LDX_0 1 2 14 9 3 13 47 5 6
G00000QX9L1LDX_0 2 14 9 3 13 47 5 7
G00000QX9L1LDX_0 1 14 9 3 13 47 5 8
G00000QX9L1LDX_0 14 9 3 13 47 5 9
G00000QX9L1LDX_0 5 8 9 3 13 47 5 10
G00000QX9L1LDX_0 4 8 9 3 13 47 5 11
G00000QX9L1LDX_0 3 8 9 3 13 47 5 12
G00000QX9L1LDX_0 1 1 8 9 3 13 47 5 13
G00000QX9L1LDX_0 1 8 9 3 13 47 5 13 1
G00000QX9L1LDX_0 8 9 3 13 47 5 13 2
G00000QX9L1LDX_0 4 3 9 3 13 47 5 13 2 1
G00000QX9L1LDX_0 1 2 3 9 3 13 47 5 13 2 2
G00000QX9L1LDX_0 2 3 9 3 13 47 5 13 2 3
G00000QX9L1LDX_0 1 3 9 3 13 47 5 13 2 3 1
G00000QX9L1LDX_0 3 9 3 13 47 5 13 2 3 2
G00000QX9L1LDX_0 2 9 3 13 47 5 13 2 3 3
G00000QX9L1LDX_0 1 9 3 13 47 5 13 2 3 3 1
G00000QX9L1LDX_0 9 3 13 47 5 13 2 8
G00000QX9L1LDX_0 3 2 3 3 13 47 5 24
G00000QX9L1LDX_0 2 2 3 3 13 47 5 24 1
G00000QX9L1LDX_0 1 2 3 3 13 47 5 24 2
G00000QX9L1LDX_0 2 3 3 13 47 5 24 2 1
G00000QX9L1LDX_0 1 3 3 13 47 5 24 2 2
G00000QX9L1LDX_0 3 3 13 47 5 29
G00000QX9L1LDX_0 2 3 13 47 35
G00000QX9L1LDX_0 1 3 13 47 35 1
G00000QX9L1LDX_0 3 13 47 35 2
G00000QX9L1LDX_0 2 13 47 35 3
G00000QX9L1LDX_0 1 13 47 35 3 1
G00000QX9L1LDX_0 13 47 35 3 2
G00000QX9L1LDX_0 12 47 35 6
G00000QX9L1LDX_0 11 6 17 24 23 12 6 1
G00000QX9L1LDX_0 10 6 17 24 23 12 6 2
G00000QX9L1LDX_0 9 6 17 24 23 12 6 3
G00000QX9L1LDX_0 1 7 6 17 24 23 12 10
G00000QX9L1LDX_0 7 6 17 24 23 12 10 1
G00000QX9L1LDX_0 1 5 6 17 24 23 12 12
G00000QX9L1LDX_0 5 6 17 24 23 12 12 1
G00000QX9L1LDX_0 4 6 17 24 23 12 14
G00000QX9L1LDX_0 3 6 17 24 23 12 14 1
G00000QX9L1LDX_0 2 6 17 24 23 12 14 2
G00000QX9L1LDX_0 1 6 17 24 23 12 14 2 1
G00000QX9L1LDX_0 6 17 24 23 12 14 2 2
G00000QX9L1LDX_0 5 17 24 23 12 14 5
G00000QX9L1LDX_0 2 2 17 24 23 12 14 5 1
G00000QX9L1LDX_0 1 2 17 24 23 12 14 5 2
G00000QX9L1LDX_0 2 17 24 23 12 14 5 2 1
G00000QX9L1LDX_0 1 17 24 23 12 14 5 2 2
G00000QX9L1LDX_0 17 24 23 12 14 5 5
G00000QX9L1LDX_0 1 2 13 24 23 12 14 5 5 1
G00000QX9L1LDX_0 2 13 24 23 12 14 5 5 2
G00000QX9L1LDX_0 1 13 24 23 12 14 5 5 3
G00000QX9L1LDX_0 13 24 23 12 14 5 5 4
G00000QX9L1LDX_0 12 24 23 12 14 10 5
G00000QX9L1LDX_0 11 24 23 12 14 10 5 1
G00000QX9L1LDX_0 10 24 23 12 14 10 5 2
G00000QX9L1LDX_0 3 4 2 24 23 12 14 10 5 2 1
G00000QX9L1LDX_0 2 4 2 24 23 12 14 10 5 4
G00000QX9L1LDX_0 1 4 2 24 23 12 14 10 5 4 1
G00000QX9L1LDX_0 4 2 24 23 12 14 10 5 4 2
G00000QX9L1LDX_0 1 2 2 24 23 12 14 10 5 4 2 1
G00000QX9L1LDX_0 2 2 24 23 12 14 10 5 4 2 2
G00000QX9L1LDX_0 1 2 24 23 12 14 10 5 4 2 3
G00000QX9L1LDX_0 2 24 23 12 14 10 5 4 6
G00000QX9L1LDX_0 1 24 23 12 14 10 5 4 6 1
G00000QX9L1LDX_0 24 23 12 14 10 5 4 8
G00000QX9L1LDX_0 4 11 8 23 12 14 10 18
G00000QX9L1LDX_0 3 11 8 23 12 14 10 18 1
G00000QX9L1LDX_0 1 1 11 8 23 12 14 10 18 1 1
G00000QX9L1LDX_0 1 11 8 23 12 14 10 18 1 2
G00000QX9L1LDX_0 11 8 23 12 14 10 18 4
G00000QX9L1LDX_0 3 7 8 23 12 14 10 18 4 1
G00000QX9L1LDX_0 1 1 7 8 23 12 14 10 18 4 2
G00000QX9L1LDX_0 1 7 8 23 12 14 10 18 7
G00000QX9L1LDX_0 7 8 23 12 14 10 18 8
G00000QX9L1LDX_0 4 2 8 23 36 27
G00000QX9L1LDX_0 3 2 8 23 36 28
G00000QX9L1LDX_0 2 2 8 23 36 28 1
G00000QX9L1LDX_0 1 2 8 23 36 28 2
G00000QX9L1LDX_0 2 8 23 36 28 3
G00000QX9L1LDX_0 1 8 23 36 28 3 1
G00000QX9L1LDX_0 8 23 36 28 3 2
G00000QX9L1LDX_0 2 5 1 5 3 14 36 28 3 3
G00000QX9L1LDX_0 1 5 1 5 3 14 36 28 7
G00000QX9L1LDX_0 5 1 5 3 14 36 28 7 1
G00000QX9L1LDX_0 4 1 5 3 14 36 28 7 2
G00000QX9L1LDX_0 3 1 5 3 14 36 28 7 3
G00000QX9L1LDX_0 2 1 5 3 14 36 28 7 3 1
G00000QX9L1LDX_0 1 1 5 3 14 36 28 7 3 2
G00000QX9L1LDX_0 1 5 3 14 36 28 7 6
G00000QX9L1LDX_0 5 3 14 36 28 7 6 1
G00000QX9L1LDX_0 4 3 14 36 28 7 6 2
G00000QX9L1LDX_0 3 3 14 36 28 7 6 3
G00000QX9L1LDX_0 1 1 3 14 36 28 7 6 4
G00000QX9L1LDX_0 1 3 14 36 28 7 6 5
G00000QX9L1LDX_0 3 14 36 28 7 6 5 1
G00000QX9L1LDX_0 2 14 36 28 7 6 5 2
G00000QX9L1LDX_0 1 14 36 28 7 6 5 3
G00000QX9L1LDX_0 14 36 28 7 6 5 3 1
G00000QX9L1LDX_0 8 2 3 36 28 7 6 5 3 2
G00000QX9L1LDX_0 7 2 3 36 28 7 6 5 3 3
G00000QX9L1LDX_0 6 2 3 36 28 7 18
G00000QX9L1LDX_0 5 2 3 36 28 7 18 1
G00000QX9L1LDX_0 4 2 3 36 28 7 18 2
G00000QX9L1LDX_0 3 2 3 36 28 7 18 2 1
G00000QX9L1LDX_0 2 2 3 36 28 7 18 2 2
G00000QX9L1LDX_0 1 2 3 36 28 7 18 2 3
G00000QX9L1LDX_0 2 3 36 28 7 18 6
G00000QX9L1LDX_0 1 3 36 28 7 25
G00000QX9L1LDX_0 3 36 28 7 25 1
G00000QX9L1LDX_0 2 36 28 7 25 1 1
G00000QX9L1LDX_0 1 36 28 7 25 1 2
G00000QX9L1LDX_0 36 28 7 25 4
G00000QX9L1LDX_0 2 15 18 28 7 25 4 1
G00000QX9L1LDX_0 1 15 18 28 7 25 4 2
G00000QX9L1LDX_0 15 18 28 7 25 4 2 1
G00000QX9L1LDX_0 2 2 10 18 28 7 25 4 2 2
G00000QX9L1LDX_0 1 2 10 18 28 7 25 4 5
G00000QX9L1LDX_0 2 10 18 28 7 25 4 5 1
G00000QX9L1LDX_0 1 10 18 28 7 25 4 5 2
G00000QX9L1LDX_0 10 18 28 7 25 4 5 3
G00000QX9L1LDX_0 3 6 18 28 7 25 4 9
G00000QX9L1LDX_0 2 6 18 28 7 25 4 9 1
G00000QX9L1LDX_0 1 6 18 28 7 25 4 9 2
G00000QX9L1LDX_0 6 18 28 7 25 4 9 2 1
G00000QX9L1LDX_0 2 3 18 28 7 25 4 9 2 2
G00000QX9L1LDX_0 1 3 18 28 7 25 4 9 2 3
G00000QX9L1LDX_0 3 18 28 7 25 4 9 2 3 1
G00000QX9L1LDX_0 2 18 28 7 25 4 9 2 3 2
G00000QX9L1LDX_0 1 18 28 7 25 4 9 2 3 3
G00000QX9L1LDX_0 18 28 7 25 4 9 2 3 3 1
G00000QX9L1LDX_0 9 5 3 28 7 25 4 9 2 3 3 2
G00000QX9L1LDX_0 2 6 5 3 28 7 25 4 9 2 3 3 3
G00000QX9L1LDX_0 1 6 5 3 28 7 25 4 9 2 10
G00000QX9L1LDX_0 6 5 3 28 7 25 4 9 8 5
G00000QX9L1LDX_0 1 2 2 5 3 28 7 25 21 6
G00000QX9L1LDX_0 2 2 5 3 28 7 25 21 6 1
G00000QX9L1LDX_0 1 2 5 3 28 53 8
G00000QX9L1LDX_0 2 5 3 28 53 8 1
G00000QX9L1LDX_0 1 5 3 28 53 10
G00000QX9L1LDX_0 5 3 28 53 11
G00000QX9L1LDX_0 2 2 3 81 12
G00000QX9L1LDX_0 1 2 3 81 13
G00000QX9L1LDX_0 2 3 81 13 1
G00000QX9L1LDX_0 1 3 81 13 2
G00000QX9L1LDX_0 3 81 13 3
G00000QX9L1LDX_0 2 81 13 4
G00000QX9L1LDX_0 1 81 13 4 1
G00000QX9L1LDX_0 81 13 4 2
G00000QX9L1LDX_0 80 13 4 2 1
G00000QX9L1LDX_0 47 20 9 3 13 4 2 2
G00000QX9L1LDX_0 2 4 2 17 21 20 9 3 13 4 2 2 1
G00000QX9L1LDX_0 1 4 2 17 21 20 9 3 13 4 6
G00000QX9L1LDX_0 4 2 17 21 20 9 3 13 4 6 1
G00000QX9L1LDX_0 1 2 2 17 21 20 9 3 13 4 6 2
G00000QX9L1LDX_0 2 2 17 21 20 9 3 13 4 6 3
G00000QX9L1LDX_0 1 2 17 21 20 9 3 13 4 6 4
G00000QX9L1LDX_0 2 17 21 20 9 3 13 4 6 5
G00000QX9L1LDX_0 1 17 21 20 9 3 13 4 6 6
G00000QX9L1LDX_0 17 21 20 9 3 13 17
G00000QX9L1LDX_0 7 9 21 20 9 3 13 17 1
G00000QX9L1LDX_0 6 9 21 20 9 3 13 17 2
G00000QX9L1LDX_0 1 4 9 21 20 9 3 13 17 2 1
G00000QX9L1LDX_0 4 9 21 20 9 3 13 17 4
G00000QX9L1LDX_0 3 9 21 20 9 3 13 17 4 1
G00000QX9L1LDX_0 1 1 9 21 20 9 3 13 17 4 2
G00000QX9L1LDX_0 1 9 21 20 9 3 13 17 4 2 1
G00000QX9L1LDX_0 9 21 20 9 3 13 17 4 2 2
G00000QX9L1LDX_0 2 6 21 20 9 3 13 17 4 5
G00000QX9L1LDX_0 1 6 21 20 9 3 13 17 4 6
G00000QX9L1LDX_0 6 21 20 9 3 13 17 4 6 1
G00000QX9L1LDX_0 5 21 20 9 3 13 17 4 6 1 1
G00000QX9L1LDX_0 4 21 20 9 3 13 17 4 6 3
G00000QX9L1LDX_0 3 21 20 9 3 13 31
G00000QX9L1LDX_0 2 21 20 9 3 13 31 1
G00000QX9L1LDX_0 1 21 20 9 3 13 31 1 1
G00000QX9L1LDX_0 21 20 9 3 13 31 1 2
G000002CZALJXD_0 1 30 13 51 3 2
G000002CZALJXD_0 30 13 51 3 3
G000002CZALJXD_0 2 14 13 13 51 3 3 1
G000002CZALJXD_0 1 14 13 13 51 3 3 2
G000002CZALJXD_0 14 13 13 51 3 3 3
G000002CZALJXD_0 5 8 13 13 51 10
G000002CZALJXD_0 4 8 13 13 51 10 1
G000002CZALJXD_0 3 8 13 13 51 10 2
G000002CZALJXD_0 2 8 13 13 51 10 2 1
G000002CZALJXD_0 1 8 13 13 51 10 2 2
G000002CZALJXD_0 8 13 13 51 10 2 3
G000002CZALJXD_0 7 13 13 51 10 6
G000002CZALJXD_0 4 2 13 13 51 10 6 1
G000002CZALJXD_0 3 2 13 13 51 10 6 2
G000002CZALJXD_0 2 2 13 13 51 10 6 3
G000002CZALJXD_0 1 2 13 13 51 10 6 3 1
G000002CZALJXD_0 2 13 13 51 21
G000002CZALJXD_0 1 13 13 51 21 1
G000002CZALJXD_0 13 13 51 21 1 1
G000002CZALJXD_0 1 5 6 7 6 51 21 3
G000002CZALJXD_0 5 6 7 6 51 21 3 1
G000002CZALJXD_0 1 2 1 6 7 6 51 21 3 2
G000002CZALJXD_0 2 1 6 7 6 51 21 3 2 1
G000002CZALJXD_0 1 1 6 7 6 51 21 3 4
G000002CZALJXD_0 1 6 7 6 51 21 3 4 1
G000002CZALJXD_0 6 7 6 51 21 3 4 2
G000002CZALJXD_0 1 1 3 7 6 51 21 10
G000002CZALJXD_0 1 3 7 6 51 21 10 1
G000002CZALJXD_0 3 7 6 51 21 12
G000002CZALJXD_0 2 7 6 51 21 12 1
G000002CZALJXD_0 1 7 6 51 21 12 2
G000002CZALJXD_0 7 6 51 21 12 2 1
G000002CZALJXD_0 6 6 51 21 12 2 2
G000002CZALJXD_0 2 3 6 51 21 12 2 3
G000002CZALJXD_0 1 3 6 51 39
G000002CZALJXD_0 3 6 51 39 1
G000002CZALJXD_0 2 6 51 39 2
G000002CZALJXD_0 1 6 51 39 3
G000002CZALJXD_0 6 51 39 3 1
G000002CZALJXD_0 3 2 51 44
G000002CZALJXD_0 2 2 51 44 1
G000002CZALJXD_0 1 2 51 44 2
G000002CZALJXD_0 2 51 44 3
G000002CZALJXD_0 1 51 44 4
G000002CZALJXD_0 51 44 4 1
G000002CZALJXD_0 50 35 9 4 2
G000002CZALJXD_0 1 7 20 21 35 9 4 3
G000002CZALJXD_0 7 20 21 35 9 8
G000002CZALJXD_0 6 20 21 35 9 8 1
G000002CZALJXD_0 2 3 20 21 35 9 8 2
G000002CZALJXD_0 1 3 20 21 35 9 8 2 1
G000002CZALJXD_0 3 20 21 35 9 8 4
G000002CZALJXD_0 2 20 21 35 9 8 5
G000002CZALJXD_0 1 20 21 35 9 8 6
G000002CZALJXD_0 20 21 35 9 15
G000002CZALJXD_0 7 12 21 35 9 15 1
G000002CZALJXD_0 6 12 21 35 9 15 2
G000002CZALJXD_0 5 12 21 35 9 15 3
G000002CZALJXD_0 4 12 21 35 9 15 3 1
G000002CZALJXD_0 2 1 12 21 35 9 20
G000002CZALJXD_0 1 1 12 21 35 9 20 1
G000002CZALJXD_0 1 12 21 35 9 20 1 1
G000002CZALJXD_0 12 21 35 9 20 1 2
G000002CZALJXD_0 1 3 7 21 35 9 20 1 3
G000002CZALJXD_0 3 7 21 35 9 20 1 4
G000002CZALJXD_0 2 7 21 35 9 20 1 4 1
G000002CZALJXD_0 1 7 21 35 9 20 1 6
G000002CZALJXD_0 7 21 35 9 20 1 7
G000002CZALJXD_0 2 4 21 35 9 21 8
G000002CZALJXD_0 1 4 21 35 9 21 8 1
G000002CZALJXD_0 4 21 35 9 21 8 2
G000002CZALJXD_0 2 1 21 35 9 21 8 3
G000002CZALJXD_0 1 1 21 35 9 21 8 4
G000002CZALJXD_0 1 21 35 9 21 8 5
G000002CZALJXD_0 21 35 9 21 8 5 1
G000002CZALJXD_0 1 5 4 10 35 9 21 8 5 2
G000002CZALJXD_0 5 4 10 35 9 21 8 5 2 1
G000002CZALJXD_0 1 2 1 4 10 35 9 21 8 5 4
G000002CZALJXD_0 2 1 4 10 35 9 21 8 5 4 1
G000002CZALJXD_0 1 1 4 10 35 9 21 8 5 4 2
G000002CZALJXD_0 1 4 10 35 9 21 8 12
G000002CZALJXD_0 4 10 35 9 21 8 12 1
G000002CZALJXD_0 1 2 10 35 9 21 8 12 2
G000002CZALJXD_0 2 10 35 9 21 8 12 2 1
G000002CZALJXD_0 1 10 35 9 21 8 12 4
G000002CZALJXD_0 45 30 25
G000002CZALJXD_0 2 10 19 13 30 25 1
G000002CZALJXD_0 1 10 19 13 30 25 1 1
G000002CZALJXD_0 10 19 13 30 25 1 2
G000002CZALJXD_0 2 4 3 19 13 30 25 4
G000002CZALJXD_0 1 4 3 19 13 30 25 5
G000002CZALJXD_0 4 3 19 13 30 25 5 1
G000002CZALJXD_0 1 2 3 19 13 30 25 5 2
G000002CZALJXD_0 2 3 19 13 30 25 5 3
G000002CZALJXD_0 1 3 19 13 30 25 5 4
G000002CZALJXD_0 3 19 13 30 25 10
G000002CZALJXD_0 2 19 13 30 25 10 1
G000002CZALJXD_0 1 19 13 30 25 10 2
G000002CZALJXD_0 19 13 30 25 10 3
G000002CZALJXD_0 2 10 6 13 30 25 10 3 1
G000002CZALJXD_0 1 10 6 13 30 25 10 3 2
G000002CZALJXD_0 10 6 13 30 25 10 3 3
G000002CZALJXD_0 5 4 6 13 30 25 10 3 3 1
G000002CZALJXD_0 4 4 6 13 30 25 10 3 3 2
G000002CZALJXD_0 1 2 4 6 13 30 25 10 3 3 3
G000002CZALJXD_0 2 4 6 13 30 25 10 3 3 3 1
G000002CZALJXD_0 1 4 6 13 30 25 10 3 3 3 2
G000002CZALJXD_0 4 6 13 30 25 10 3 3 3 3
G000002CZALJXD_0 3 6 13 30 25 10 3 3 7
G000002CZALJXD_0 2 6 13 30 25 10 3 11
G000002CZALJXD_0 1 6 13 30 25 10 15
G000002CZALJXD_0 6 13 30 25 10 15 1
G000002CZALJXD_0 2 3 13 30 25 10 15 2
G000002CZALJXD_0 1 3 13 30 25 10 15 3
G000002CZALJXD_0 3 13 30 25 10 15 4
G000002CZALJXD_0 1 1 13 30 25 10 15 5
G000002CZALJXD_0 1 13 30 25 10 21
G000002CZALJXD_0 13 30 25 10 21 1
G000002CZALJXD_0 1 2 9 30 25 10 21 2
G000002CZALJXD_0 2 9 30 25 10 21 2 1
G000002CZALJXD_0 1 9 30 25 10 21 2 2
G000002CZALJXD_0 9 30 25 10 21 2 2 1
G000002CZALJXD_0 1 7 30 25 10 27
G000002CZALJXD_0 7 30 25 10 27 1
G000002CZALJXD_0 6 30 25 10 27 2
G000002CZALJXD_0 1 2 2 30 25 10 27 2 1
G000002CZALJXD_0 2 2 30 25 10 27 2 1 1
G000002CZALJXD_0 1 2 30 25 10 32
G000002CZALJXD_0 2 30 25 10 32 1
G000002CZALJXD_0 1 30 25 10 32 1 1
G000002CZALJXD_0 30 25 10 35
G000002CZALJXD_0 8 8 13 71
G000002CZALJXD_0 2 5 8 13 71 1
G000002CZALJXD_0 1 5 8 13 71 2
G000002CZALJXD_0 5 8 13 71 3
G000002CZALJXD_0 4 8 13 71 4
G000002CZALJXD_0 1 2 8 13 71 4 1
G000002CZALJXD_0 2 8 13 71 4 2
G000002CZALJXD_0 1 8 13 71 7
G000002CZALJXD_0 8 13 71 7 1
G000002CZALJXD_0 3 4 13 71 7 2
G000002CZALJXD_0 2 4 13 71 7 3
G000002CZALJXD_0 1 4 13 71 11
G000002CZALJXD_0 4 13 71 11 1
G000002CZALJXD_0 3 13 71 11 2
G000002CZALJXD_0 2 13 71 11 2 1
G000002CZALJXD_0 1 13 71 11 2 2
G000002CZALJXD_0 13 71 11 2 3
G000002CZALJXD_0 1 11 71 11 2 3 1
G000002CZALJXD_0 11 71 11 2 5
G000002CZALJXD_0 10 71 11 2 6
G000002CZALJXD_0 3 6 71 13 7
G000002CZALJXD_0 2 6 71 13 7 1
G000002CZALJXD_0 1 6 71 13 7 2
G000002CZALJXD_0 6 71 13 7 3
G000002CZALJXD_0 5 71 13 7 3 1
G000002CZALJXD_0 1 3 71 13 7 3 2
G000002CZALJXD_0 3 71 13 7 3 3
G000002CZALJXD_0 1 1 71 13 7 3 4
G000002CZALJXD_0 1 71 13 7 3 5
G000002CZALJXD_0 71 13 7 3 6
G000002CZALJXD_0 7 18 15 30 13 17
G000002CZALJXD_0 6 18 15 30 13 17 1
G000002CZALJXD_0 1 4 18 15 30 13 17 1 1
G000002CZALJXD_0 4 18 15 30 13 17 3
G000002CZALJXD_0 3 18 15 30 13 17 3 1
G000002CZALJXD_0 2 18 15 30 13 17 5
G000002CZALJXD_0 1 18 15 30 13 23
G000002CZALJXD_0 18 15 30 13 23 1
G000002CZALJXD_0 8 9 15 30 13 23 2
G000002CZALJXD_0 3 4 9 15 30 13 23 3
G000002CZALJXD_0 2 4 9 15 30 13 23 3 1
G000002CZALJXD_0 1 4 9 15 30 13 23 3 2
G000002CZALJXD_0 4 9 15 30 13 23 3 3
G000002CZALJXD_0 1 2 9 15 30 13 23 3 3 1
G000002CZALJXD_0 2 9 15 30 13 23 3 3 1 1
G000002CZALJXD_0 1 9 15 30 13 23 3 3 3
G000002CZALJXD_0 9 15 30 13 23 3 3 3 1
G000002CZALJXD_0 2 2 4 15 30 13 23 3 8
G000002CZALJXD_0 1 2 4 15 30 13 23 3 8 1
G000002CZALJXD_0 2 4 15 30 13 23 3 8 2
G000002CZALJXD_0 1 4 15 30 13 23 3 8 2 1
G000002CZALJXD_0 4 15 30 13 23 3 8 2 1 1
G000002CZALJXD_0 2 1 15 30 13 23 3 13
G000002CZALJXD_0 1 1 15 30 13 23 3 13 1
G000002CZALJXD_0 1 15 30 13 23 3 13 2
G000002CZALJXD_0 15 30 13 23 3 13 2 1
G000002CZALJXD_0 3 11 30 13 23 3 13 2 2
G000002CZALJXD_0 2 11 30 13 23 3 13 5
G000002CZALJXD_0 1 11 30 13 23 3 13 5 1
G000002CZALJXD_0 11 30 13 23 3 13 5 2
G000002CZALJXD_0 10 30 13 23 24
G000002CZALJXD_0 6 3 30 13 23 24 1
G000002CZALJXD_0 2 3 3 30 13 23 24 2
G000002CZALJXD_0 1 3 3 30 13 23 24 2 1
G000002CZALJXD_0 3 3 30 13 51
G000002CZALJXD_0 2 3 30 13 51 1
G000002CZALJXD_0 1 3 30 13 51 2
G000002CZALJXD_0 3 30 13 51 3
G000002CZALJXD_0 2 30 13 51 3 1
